||∇f(x)|| f(x)
1.8756414251231195 4.20601985247335
1.5407352593729353 0.49131094737382014
0.20053602812497281 0.10524074526150012
0.1844901774027867 0.060446592597762146
0.053226490674333625 0.0545571899389746
0.15510463812647268 0.04963562436190805
0.047811626825198385 0.04542941679337024
0.14019484377377445 0.04163156457175662
0.043690058018593575 0.038188921775850815
0.1283622410412151 0.03503727389824873
0.04005856731035188 0.03215055736799861
0.11772464520744898 0.02950311276608053
0.0367451949777829 0.027074954961312268
0.10799100340887398 0.024847565429533144
0.03370778210532175 0.022804327899734234
0.09906485597355785 0.020929977603207528
0.030921720426808318 0.01921055289089562
0.09087701475530147 0.017633241052609133
0.028366032459259064 0.016186295721711496
0.08336618217027116 0.01485893809697785
0.026021654682048024 0.013641284060555668
0.07647637256168405 0.012524263310319054
0.023871119923391873 0.011499558617109391
0.07015625664916472 0.010559537073023843
0.021898407502944934 0.009697199968453921
0.06435875235199998 0.008906123935497105
0.020088821668138312 0.008180419799050829
0.05904067103970868 0.007514682020259469
0.01842888186891382 0.006903955098927303
0.0541623954591027 0.006343690002945447
0.016906222305992293 0.005829716920888285
0.049687584565610544 0.005358207574548216
0.015509499807971205 0.004925653310552294
0.04558290279327387 0.00452883236823864
0.014228309328886022 0.004164792459349754
0.0418177717165553 0.003830822210571338
0.013053106434220921 0.003524437515216552
0.03836414225043832 0.003243356493499816
0.01197513619760051 0.0029854890136073583
0.035196285691299345 0.002748914616919161
0.01098636797838785 0.002531874701350023
0.032290602041618564 0.002332752946374072
0.01007943559423136 0.0021500697318670215
0.029625444190371608 0.001982464671546196
0.009247582442777244 0.0018286929081475977
0.027180956638955523 0.0016876094259721038
0.008484611163603975 0.0015581669201084523
0.024938927570786987 0.001439401611026144
0.007784837465226203 0.0013304324334057712
0.022882653161976338 0.0012304481197010489
0.007143047772998686 0.0011387074943895314
0.020996813121516893 0.0010545276304524192
0.0065544603821628845 0.0009772850687140094
0.01926735653290252 0.0009064048823639604
0.0060146898263217 0.000841362669522998
0.01768139714556982 0.0007816743871885395
0.005519714195496773 0.0007268989890982729
0.016227117334648662 0.0006766289125994147
0.00506584515979009 0.0006304932539951158
0.01489368001169596 0.0005881488104809102
0.00464970047469157 0.0005492837020525512
0.013671147827852287 0.000513608886375455
0.004268178762395579 0.00048086215051193617
0.012550409064541837 0.00045080002985974733
0.003918436380236126 0.00042320210484543124
0.011523109655945612 0.0003978632662814613
0.0035978662026398766 0.00037459826212692224
0.010581590832207806 0.0003532342611027513
0.0033040781569340576 0.0003336156029395284
0.009718831913080666 0.00031559662013872414
0.0030348813660227045 0.0002990465520604289
0.00892839781869514 0.0002838425915633114
0.002788267762446341 0.000269874929041659
0.008204390897640695 0.00025703999651996814
0.002562397048739413 0.0002452456125039563
0.0075414067027202705 0.00023440440111775884
0.002355582888371202 0.00022443901253334833
0.006934493371899607 0.00021527569906477911
0.0021662802199627807 0.00020684958910640976
0.006379114296251342 0.00019909840586216949
0.001993073594994704 0.00019196777525693322
0.005871113778332214 0.00018540507628394425
0.0018346664459335913 0.00017936476533970952
0.005406685403853387 0.0001738023501081928
0.0016898711977195596 0.00016867971427920894
0.004982342866893563 0.00016395920952746721
0.0015576001410048273 0.0001596089656679746
0.004594893004945663 0.00015559709769292089
0.001436856990605107 0.00015189698714789684
0.004241410815429654 0.000148481603408862
0.0013267290575660817 0.00014532874247733167
0.003919216240861699 0.00014241546375072387
0.0012263799683919188 0.00013972327257837574
0.003625852526929796 0.00013723267572590935
0.0011350428707488085 0.0001349282939530105
0.0033590659777301235 0.00013279354120792762
0.001052014071840508 0.00013081565323111801
0.003116786957120941 0.00012898049723783256
0.000976647064202145 0.00012727750217402455
0.002897112016172995 0.00012569460723552538
0.0009083469043764668 0.0001242230789675325
0.0026982870654982008 0.0001228526083952839
0.000846564923153717 0.0001215759997390614
0.002518691558106772 0.00012038442714454076
0.000790793761743173 0.00011927197946502553
0.0023568237021994024 0.00011823108851654521
0.000740562745743181 0.0001172569142500021
0.0022112867802646426 0.00011634295704263945
0.000695433626620751 0.00011548526774084593
0.0020807767042761525 0.00011467825665803069
0.0006549967361731294 0.00011391871350721914
0.0019640709771627657 0.00011320182543153969
0.0006188676098979308 0.00011252499284578911
0.0018600192466964483 0.00011188406792215114
0.0005866841368003537 0.00011127695387708719
0.0017675356188557973 0.00011070007384377752
0.0005581042829418039 0.00011015174319389204
0.0016855928371748766 0.00010962887666180495
0.0005328044127147834 0.00010913012585239003
0.0016132183339487096 0.00010865282990167699
0.0005104781968570517 0.00010819591331131604
0.0015494920300274388 0.00010775708244883777
0.0004908360542054297 0.00010733548213663411
0.001493545623103175 0.00010692913706903943
0.0004736050323276328 0.00010653736899985968
0.001444562986250449 0.00010615847886911287
0.0004585289986496191 0.00010579192978880773
0.001401781223357141 0.00010543626252469645
0.00044536899545969283 0.00010509105258761567
0.0013644919115861954 0.00010475504888504815
0.00043390361288723757 0.00010442791592302737
0.001332042105390901 0.00010410858307366625
0.00042392925298683344 0.0001037967850607533
0.0013038347703971053 0.00010349160747811436
0.0004152601908391612 0.00010319284030457793
0.0012793284377470647 0.00010289970409466424
0.00040772837817706475 0.00010261203223326234
0.0012580359967444444 0.00010232916159315687
0.0004011829742189776 0.00010205095963221866
0.0012395226554030852 0.00010177686321819425
0.00039548962137039406 0.00010150676656225482
0.001223403181953155 0.00010124019226824905
0.00039052950690412325 0.00010097705557815332
0.0012093385906800495 0.0001007169524142165
0.00038619826482377926 0.00010045981458407591
0.0011970324550698483 0.00010020530055123148
0.0003824047759797017 9.995335520758541e-05
0.001186227026343213 9.970369023821937e-05
0.00037906992136394065 9.945626090384157e-05
0.001176699314369363 9.921082408089786e-05
0.0003761253359063586 9.896734327772916e-05
0.0011682572581988798 9.872561366699252e-05
0.00037351220032741096 9.848560534382936e-05
0.0011607360811768089 9.82471458758786e-05
0.000371180098446884 9.801021064051064e-05
0.0011539948950721967 9.777465456491615e-05
0.0003690859579713618 9.754045728018315e-05
0.0011479135911875327 9.730749678798211e-05
0.00036719308482514564 9.707575615881291e-05
0.0011423900351587638 9.684513283119582e-05
0.00036547029478495714 9.661561266742852e-05
0.0011373375660185872 9.638710946140211e-05
0.0003638911414883745 9.615961134988697e-05
0.0011326827887506588 9.593304587664339e-05
0.0003624332366315801 9.570740303777892e-05
0.0011283636421183271 9.548262192749085e-05
0.00036107765609614807 9.525869406657967e-05
0.0011243277191989606 9.503556824563622e-05
0.0003598084245878407 9.481323723928437e-05
0.0011205308161151859 9.459165797351004e-05
0.00035861207089798026 9.437082425666697e-05
0.0011169356840598128 9.415069983717625e-05
0.00035747724589986783 9.393127937763426e-05
0.0011135109605566887 9.371253234558934e-05
0.0003563943957160707 9.349445411100535e-05
0.0011102302573524144 9.327701893412286e-05
0.000355355483007216 9.306022277174954e-05
0.0011070713842365927 9.284404389934802e-05
0.0003543537499526625 9.262847876143715e-05
0.0011040156901265022 9.241350899663837e-05
0.00035338351715322636 9.219913145539114e-05
0.0011010475048509594 9.19853305928585e-05
0.0003524400133435718 9.17721035978259e-05
0.0010981536670440811 9.155943728389782e-05
0.00035151923142981575 9.134732912228358e-05
0.001095323125427258 9.113576790127383e-05
0.0003506178069489834 9.092475132813148e-05
0.0010925466025052911 9.071426984445098e-05
0.0003497329155771162 9.050432135502445e-05
0.0010898163111638932 9.029489768565438e-05
0.0003488621867836825 9.008599690669287e-05
0.0010871257160680221 8.98776120028514e-05
0.0003480036311480549 8.966974118341302e-05
0.0010844693329180157 8.94623784034647e-05
0.00034715557921813063 8.92555219890388e-05
0.0010818425596566964 8.904916670780153e-05
0.0003463166301076556 8.884331098407777e-05
0.0010792415346146135 8.86379502660488e-05
0.00034548560830196395 8.843308306092807e-05
0.001076663017341168 8.82287053869396e-05
0.0003446615273759404 8.802481582134167e-05
0.0010741042885369775 8.782141085994769e-05
0.00034384355952846754 8.761848913935051e-05
0.0010715630660437605 8.741604755561932e-05
0.000343031010008275 8.721408479570736e-05
0.0010690374343354616 8.701259809127274e-05
0.00034222329565085396 8.681158617214462e-05
0.001066525785357024 8.661104655143111e-05
0.0003414199268694017 8.641097799560961e-05
0.001064026768882827 8.621137825396059e-05
0.0003406204925464942 8.601224612438794e-05
0.0010615392508775186 8.58135795544715e-05
0.0003398246473606184 8.561537736917374e-05
0.0010590622785797996 8.541763768270547e-05
0.00033903210115724416 8.522035934342475e-05
0.0010565950512066546 8.502354060569128e-05
0.0003382426100347796 8.482718033820005e-05
0.0010541368953986025 8.463127691326707e-05
0.00033745596886965824 8.44358292173943e-05
0.0010516872446190257 8.424083572233439e-05
0.0003366720050487933 8.404629533021487e-05
0.0010492456218930179 8.385220659671842e-05
0.0003358905732142532 8.365856843782802e-05
0.001046811625325666 8.346537948017192e-05
0.0003351115508574523 8.327263865208198e-05
0.0010443849159647313 8.30803446402934e-05
0.00033433483462525036 8.288849638420345e-05
0.0010419652076279775 8.269709262158283e-05
0.0003335603372232562 8.250613230186e-05
0.0010395522583703468 8.231561420622128e-05
0.0003327879848198688 8.212553729323314e-05
0.0010371458633324315 8.193590038114432e-05
0.000332017714869952 8.174670243693003e-05
0.0010347458487454677 8.155794231057948e-05
0.000331249474290575 8.136961897683813e-05
0.0010323520669097879 8.118173131299044e-05
0.00033048321793172335 8.099427830101593e-05
0.0010299643919796674 8.080725884177604e-05
0.00032971890729444395 8.062067192404312e-05
0.0010275827164323852 8.043451646913024e-05
0.0003289565094563643 8.024879147223083e-05
0.0010252069481065176 8.006349587248578e-05
0.0003281959961708139 7.987862867120591e-05
0.0010228370077235394 7.969418882317937e-05
0.00032743734311187043 7.951017533554825e-05
0.001020472826811108 7.932658717691426e-05
0.00032668052924148444 7.914342336003297e-05
0.001018114345954154 7.896068286578374e-05
0.00032592553627909006 7.877836471233383e-05
0.0010157615133350123 7.859646789156314e-05
0.0003251723482568592 7.841499142687396e-05
0.0010134142835100232 7.823393432006378e-05
0.00032442095114688767 7.805329559964557e-05
0.001011072616384522 7.787307427641247e-05
0.00032367133254895906 7.769326938387164e-05
0.001008736476348224 7.751387994105808e-05
0.0003229234814286063 7.733490498634808e-05
0.0010064058315559547 7.715634354638144e-05
0.0003221773878975273 7.697819466433188e-05
0.001004080653323219 7.680045737389953e-05
0.0003214330430296891 7.662313072296407e-05
0.0010017609156199975 7.644621375183664e-05
0.00032069043870699623 7.626970551303509e-05
0.0009994465946461173 7.609360505310143e-05
0.0003199495674902832 7.591791142912664e-05
0.0009971376684689986 7.574262369355587e-05
0.00031921042251050174 7.55677409080055e-05
0.0009948341167368788 7.539326213055633e-05
0.000318472997378307 7.521918642728927e-05
0.000992535920419687 7.504551286168207e-05
0.0003177372861077007 7.487224050425591e-05
0.0009902430616010231 7.469936842368129e-05
0.00031700328305232485 7.452689569487637e-05
0.00098795552330342 7.435482139153775e-05
0.0003162709828518569 7.418314459293644e-05
0.0009856732893415484 7.40118643776651e-05
0.00031554038038725723 7.384097982930544e-05
0.000983396344197248 7.367049003122428e-05
0.000314811470743188 7.350039407129347e-05
0.0009811246729158976 7.333069103752301e-05
0.0003140842491763497 7.316138002205565e-05
0.0009788582610216869 7.299246011747034e-05
0.0003133587110892835 7.282393042013786e-05
0.0009765970944416729 7.265579002712963e-05
0.0003126348520080507 7.248803803900356e-05
0.0009743411594481221 7.232067355726934e-05
0.00031191266756377446 7.215369568666366e-05
0.0009720904426058312 7.198710353303464e-05
0.00031119215347693056 7.182089620528853e-05
0.0009698449307296811 7.165507281357962e-05
0.00031047330554460136 7.14896324709294e-05
0.0009676046108448769 7.1324574291754e-05
0.00030975611962920607 7.115989739319356e-05
0.0009653694701628843 7.099560089386377e-05
0.00030904059164936644 7.083168391499157e-05
0.0009631394960558036 7.066814557937024e-05
0.00030832671757250466 7.050498501229257e-05
0.0009609146760286133 7.034220134067711e-05
0.00030761449340801827 7.017979369386712e-05
0.0009586949977081285 7.001776120288801e-05
0.0003069039152022405 6.985610300110541e-05
0.0009564804488223732 6.969481822361149e-05
0.00030619497903354437 6.953390600778285e-05
0.0009542710171945278 6.937336549274897e-05
0.00030548768100869785 6.921319581987484e-05
0.0009520666907291364 6.905339613230432e-05
0.00030478201725976374 6.889396557537231e-05
0.0009498674574015658 6.873490329620717e-05
0.0003040779839412906 6.857620844409178e-05
0.0009476733052524537 6.841788017012414e-05
0.0003033755772280284 6.825991762751123e-05
0.0009454842223831693 6.810231997129812e-05
0.0003026747933131955 6.794508635859757e-05
0.000943300196947468 6.778821594837635e-05
0.000301975628406756 6.76317079016399e-05
0.0009411212171488543 6.747556138125055e-05
0.000301278078734175 6.731977555208666e-05
0.000938947271235377 6.716434958089662e-05
0.00030058214053523734 6.700928263641019e-05
0.0009367783474998457 6.685457388921888e-05
0.0002998878100630774 6.670022251190798e-05
0.0009346144342733897 6.654622767890504e-05
0.0002991950835834983 6.639258856660838e-05
0.00093245551992664 6.623930435326175e-05
0.00029850395737420073 6.608637421906255e-05
0.0009303015928639579 6.593379734606653e-05
0.00029781442772427243 6.578157291825337e-05
0.0009281526415274519 6.56297001214395e-05
0.0002971264909336705 6.547817814338776e-05
0.0009260086543880276 6.53270061736846e-05
0.00029644014331290015 6.517618340382274e-05
0.0009238696199525231 6.502570902714245e-05
0.0002957553811825655 6.487558223886368e-05
0.0009217355267569383 6.472580223605322e-05
0.0002950722008732126 6.457636821765296e-05
0.0009196063633666038 6.442727938442804e-05
0.0002943905987249509 6.42785349390196e-05
0.0009174821183781192 6.413013408588904e-05
0.0002937105710873467 6.398207603134719e-05
0.000915362780415823 6.38343599835322e-05
0.0002930321143191802 6.368698515242947e-05
0.0009132483381335535 6.353995074981632e-05
0.0002923552247882309 6.339325598932496e-05
0.0009111387802145621 6.324690008638684e-05
0.0002916798988714141 6.310088225824848e-05
0.0009090340953663546 6.295520172396446e-05
0.00029100613295441523 6.28098577044045e-05
0.0009069342723251249 6.266484942221846e-05
0.00029033392343157566 6.252017610186953e-05
0.0009048392998564179 6.237583696959964e-05
0.00028966326670603004 6.223183125345606e-05
0.0009027491667498148 6.208815818324622e-05
0.0002889941591894283 6.194481699057514e-05
0.0009006638618230003 6.18018069088068e-05
0.0002883265973019786 6.1659127173101e-05
0.0008985833739189503 6.151677702035511e-05
0.00028766057747229727 6.137475568925123e-05
0.0008965076919089428 6.123306242021609e-05
0.00028699609613749366 6.10916964554485e-05
0.0008944368046883485 6.095065703887616e-05
0.00028633314974298846 6.0809943416187504e-05
0.0008923707011801233 6.0669554834810885e-05
0.0002856717347425632 6.052949054391149e-05
0.0008903093703321609 6.038974979438763e-05
0.00028501184759828133 6.025033183887497e-05
0.0008882528011180304 6.011123593172169e-05
0.0002843534847803983 5.997246132901924e-05
0.0008862009825385698 5.9834007288555295e-05
0.00028369664276746366 5.9695873069850374e-05
0.0008841539036190887 5.9558057934120474e-05
0.0002830413180462145 5.942056114430064e-05
0.0008821115534093694 5.928338196502256e-05
0.0002823875071115534 5.9146519662619325e-05
0.0008800739209864884 5.900997350510638e-05
0.00028173520646646537 5.887374276221207e-05
0.0008780409954509834 5.8737826705334374e-05
0.0002810844126221147 5.860222460756449e-05
0.0008760127659306306 5.8466935743663496e-05
0.00028043512209769686 5.8331959390072236e-05
0.0008739892215768924 5.8197294824909825e-05
0.00027978733142054306 5.80629413279498e-05
0.0008719703515670246 5.7928898180636134e-05
0.0002791410371259222 5.779516466607728e-05
0.0008699561451037852 5.766174006902838e-05
0.0002784962357572254 5.7528623675905336e-05
0.0008679465914134575 5.7395814774760256e-05
0.0002778529238657672 5.726331265531027e-05
0.0008659416797487799 5.713111660889221e-05
0.00027721109801087565 5.6999225928490056e-05
0.0008639413993870577 5.6867639908720206e-05
0.0002765707547598169 5.673635784582713e-05
0.0008619457396299572 5.660537903768332e-05
0.00027593189068788124 5.647470278378101e-05
0.0008599546898028614 5.634432838523148e-05
0.0002752945023781331 5.621425514475728e-05
0.0008579682392583638 5.608448236669432e-05
0.00027465858642162307 5.595500935699137e-05
0.0008559863773719585 5.5825835423187383e-05
0.0002740241394172596 5.5696959874433054e-05
0.0008540090935441958 5.556838202146584e-05
0.0002733911579718402 5.544010117662372e-05
0.0008520363771994617 5.531211665382431e-05
0.000272759638699972 5.518442776857974e-05
0.0008500682177869905 5.5057033837973905e-05
0.0002721295782241501 5.492993418067454e-05
0.0008481046047791878 5.4803128116917645e-05
0.0002715009731744889 5.467661496852141e-05
0.0008461455276775105 5.455039405885147e-05
0.00027087382018911626 5.4424464712858126e-05
0.0008441909760018858 5.429882625702883e-05
0.0002702481159138018 5.4173478019426164e-05
0.00084224093929892 5.404841932965423e-05
0.0002696238570020947 5.3923649518866966e-05
0.0008402954071398423 5.379916791976484e-05
0.00026900104011528896 5.3674973866593814e-05
0.0008383543691188045 5.35510666951266e-05
0.00026837966192237863 5.342744574268289e-05
0.0008364178148543373 5.330411034810466e-05
0.00026775971910002633 5.3181059851761355e-05
0.0008344857339896827 5.305829359555183e-05
0.00026714120833260755 5.293581092289404e-05
0.0008325581161920714 5.281361117871524e-05
0.00026652412631215857 5.269169370946458e-05
0.000830634951150988 5.257005786309306e-05
0.0002659084697383132 5.244870298906889e-05
0.0008287162285814372 5.2327628438354594e-05
0.0002652942353183943 5.2206833563410504e-05
0.0008268019382219875 5.2086317718195756e-05
0.0002646814197673065 5.196608025816511e-05
0.0008248920698329052 5.184612054025579e-05
0.0002640700198075191 5.1726437922898505e-05
0.0008229866132007149 5.160703176599639e-05
0.00026346003216908193 5.1487901430940116e-05
0.0008210855581347434 5.1369046280586245e-05
0.0002628514535895817 5.1250465679272005e-05
0.0008191888944679183 5.113215899279778e-05
0.0002622442808142408 5.1014125588432364e-05
0.0008172966120542476 5.089636483490208e-05
0.0002616385105956869 5.077887610239677e-05
0.0008154087007748325 5.066165876255242e-05
0.00026103413969405965 5.054471218846729e-05
0.0008135251505327704 5.042803575467937e-05
0.0002604311648770881 5.0311628837179004e-05
0.0008116459512530252 5.01954908133834e-05
0.0002598295829198104 5.0079621062171966e-05
0.0008097710928862626 4.996401896383415e-05
0.0002592293906048039 4.9848683900105304e-05
0.0008079005654054625 4.973361525414601e-05
0.00025863058472208925 4.961881241054157e-05
0.0008060343588061976 4.9504274755295175e-05
0.00025803316206907475 4.9390001675835204e-05
0.0008041724631072193 4.927599256099951e-05
0.0002574371194505591 4.916224680103972e-05
0.0008023148683514033 4.904876378761118e-05
0.0002568424536787454 4.893554291379083e-05
0.0008004615646028341 4.88225835740329e-05
0.00025624916157322464 4.8709885164213456e-05
0.000798612541948968 4.859744708158839e-05
0.0002556572399608894 4.8485268724813934e-05
0.0007967677905012355 4.837334949392602e-05
0.0002550666856759354 4.8261688790366334e-05
0.0007949273003939162 4.815028601693779e-05
0.0002544774955599635 4.803914057783178e-05
0.0007930910617825344 4.792825187861891e-05
0.00025388966646182093 4.7817619326235444e-05
0.0007912590648464912 4.770724232899143e-05
0.00025330319523757364 4.7597120296570074e-05
0.0007894312997886191 4.7487252640006694e-05
0.0002527180787506025 4.737763877170043e-05
0.0007876077568334173 4.7268278105418e-05
0.0002521343138716203 4.715917005626765e-05
0.0007857884262275393 4.7050314040708956e-05
0.0002515518974783974 4.6941709476559306e-05
0.0007839732982408641 4.683335578297183e-05
0.0002509708264560322 4.672525238044877e-05
0.0007821623631661443 4.6617398690824364e-05
0.0002503910976968099 4.6509794137272596e-05
0.0007803556113176798 4.6402438144291384e-05
0.0002498127081001622 4.629533013772708e-05
0.0007785530330316361 4.618846954472784e-05
0.00024923565457269064 4.608185579378821e-05
0.0007767546186681094 4.5975488314703925e-05
0.0002486599340281724 4.586936653860384e-05
0.0007749603586083874 4.576348989791567e-05
0.000248085543387437 4.565785782638886e-05
0.0007731702432568442 4.555246975907898e-05
0.00024751247957855425 4.544732513234434e-05
0.0007713842630383011 4.5342423383843386e-05
0.00024694073953655837 4.523776395254206e-05
0.0007696024084016165 4.513334627869123e-05
0.0002463703202036267 4.50291698038448e-05
0.0007678246698174379 4.492523397083767e-05
0.0002458012185289887 4.482153822379947e-05
0.0007660510377777553 4.4718082008136394e-05
0.0002452334314689555 4.461486477054359e-05
0.0007642815027955035 4.4511885958989766e-05
0.00024466695598684675 4.440914502271874e-05
0.0007625160554067717 4.430664141224883e-05
0.00024410178905297355 4.420437457936449e-05
0.0007607546861703779 4.410234397711813e-05
0.00024353792764464623 4.4000549059827544e-05
0.0007589973856655265 4.389898928306824e-05
0.0002429753687461962 4.379766410367436e-05
0.0007572441444938344 4.369657297973358e-05
0.0002424141093488835 4.359571537058871e-05
0.0007554949532783423 4.349509073682733e-05
0.00024185414645093778 4.339469854028732e-05
0.0007537498026642073 4.3294538244043834e-05
0.00024129547705751774 4.3194609312417416e-05
0.0007520086833172928 4.309491121096476e-05
0.0002407380981807043 4.299544340647876e-05
0.0007502715859264413 4.289620536697578e-05
0.00024018200683945874 4.279719656171371e-05
0.0007485385012003459 4.26984164611647e-05
0.00023962720005965297 4.2599864537033654e-05
0.0007468094198705124 4.250154026223956e-05
0.00023907367487404136 4.2403443110921416e-05
0.000745084332688993 4.23055725584331e-05
0.00023852142832217824 4.220792808133603e-05
0.0007433632304302409 4.211050915740566e-05
0.00023797045745052283 4.201331526562881e-05
0.000741646103888462 4.1916345886179504e-05
0.000237420759312294 4.181960050045034e-05
0.0007399329438802601 4.1723078591019706e-05
0.00023687233096759036 4.162677964167022e-05
0.0007382237412429649 4.1530703137366355e-05
0.00023632516948322936 4.143484856427204e-05
0.0007365184868354036 4.133921540973342e-05
0.0002357792719328546 4.1243803162284914e-05
0.00073481717153769 4.11486113116333e-05
0.00023523463539683746 4.105363934867544e-05
0.0007331197862502862 4.0958886765474944e-05
0.00023469125696229626 4.0864353055274856e-05
0.00073142632189542 4.0770037712487326e-05
0.0002341491337231234 4.067594023269008e-05
0.0007297367694153892 4.058206011262771e-05
0.00023360826277984848 4.048839685020967e-05
0.000728051119774895 4.039494994449748e-05
0.00023306864123977803 4.0301718895723095e-05
0.0007263693639575653 4.0208703205257416e-05
0.00023253026621685983 4.0115902375637386e-05
0.000724691492969054 4.002331591053695e-05
0.00023199313483166607 3.993094331478387e-05
0.0007230174978367728 3.983878409434596e-05
0.0002314572442114867 3.974683775633733e-05
0.0007213473696065324 3.9655103809006095e-05
0.00023092259149023675 3.956358176174052e-05
0.0007196810993467379 3.947227112505323e-05
0.0002303891738084491 3.938117141060018e-05
0.0007180186781449566 3.929028213115188e-05
0.0002298569883132055 3.919960280061771e-05
0.0007163600971111955 3.910913293401985e-05
0.00022932603215829086 3.9018872047506165e-05
0.0007147053473736301 3.892881965833755e-05
0.00022879630250396396 3.8838975284895985e-05
0.0007130544200825929 3.8749338446671795e-05
0.00022826779651709573 3.865990866426632e-05
0.0007114073064084786 3.857068545938497e-05
0.00022774051137107882 3.848166835485114e-05
0.0007097639975422799 3.8392856874567037e-05
0.00022721444424578938 3.830425054355963e-05
0.0007081244846958998 3.821584888793426e-05
0.00022668959232775038 3.812765143490467e-05
0.000706488759099362 3.8039657712764635e-05
0.0002261659528098812 3.795186725090725e-05
0.0007048568120044347 3.786427957980532e-05
0.0002256435228915991 3.777689423102379e-05
0.00070322863468324 3.768971073720074e-05
0.00022512229977879195 3.7602728632065535e-05
0.0007016042184283147 3.751594745040971e-05
0.00022460228068382917 3.742936672811521e-05
0.0006999835545511125 3.734298600212272e-05
0.00022408346282547657 3.725680481045011e-05
0.0006983666343845921 3.717082269218133e-05
0.0002235658434289633 3.7085039187463565e-05
0.0006967534492808461 3.699945383750396e-05
0.00022304941972591503 3.6914066184579016e-05
0.0006951439906116523 3.6828875772008495e-05
0.0002225341889543298 3.6743882144179695e-05
0.0006935382497695482 3.665908484652415e-05
0.00022202014835861794 3.657448342552977e-05
0.0006919362181669434 3.649007742872378e-05
0.0002215072951895563 3.640586640468892e-05
0.0006903378872346888 3.632184990303952e-05
0.00022099562670424715 3.6238027474443965e-05
0.0006887432484252741 3.615439867059194e-05
0.00022048514016613123 3.6070963044223746e-05
0.0006871522932099793 3.5987720149102426e-05
0.00021997583284503008 3.590466954002818e-05
0.0006855650130784899 3.582181077282802e-05
0.0002194677020169722 3.573914340435441e-05
0.0006839813995438737 3.5656666992479815e-05
0.00021896074496432293 3.557438109610508e-05
0.0006824014441356039 3.549228527514481e-05
0.00021845495897578163 3.541037909053341e-05
0.0006808251384028206 3.53286621042169e-05
0.00021795034134620088 3.524713387915488e-05
0.0006792524739166014 3.5165793979314146e-05
0.0002174468893767767 3.508464196967244e-05
0.0006776834422648144 3.500367741620756e-05
0.00021694460037492252 3.4922899885907966e-05
0.0006761180350555118 3.484230894674985e-05
0.0002164434716542162 3.4761904167721876e-05
0.0006745562439169566 3.468168511879488e-05
0.00021594350053447136 3.460165137094312e-05
0.0006729980604966541 3.4521802496125884e-05
0.00021544468434172976 3.4442138067296094e-05
0.000671443476460597 3.4362657658384586e-05
0.0002149470204081789 3.42833608443207e-05
0.0006698924834938634 3.4204247200999945e-05
0.00021445050607213755 3.412531630530743e-05
0.0006683450733025071 3.4046567735101274e-05
0.00021395513867816075 3.396800106922184e-05
0.0006668012376090293 3.3889615887469164e-05
0.00021346091557683023 3.3811411770628376e-05
0.0006652609681580464 3.373338830044041e-05
0.00021296783412492332 3.3655545059622656e-05
0.0006637242567108211 3.357788163184859e-05
0.0002124758916852752 3.3500397601758966e-05
0.0006621910950491836 3.342309255495117e-05
0.00021198508562686528 3.33459660779812e-05
0.0006606614749730574 3.3269017758357796e-05
0.00021149541332473096 3.319224718454566e-05
0.000659135388301088 3.311565394595697e-05
0.00021100687215994037 3.3039237632956003e-05
0.000657612826872074 3.2962997836847885e-05
0.00021051945951963376 3.2886934149889044e-05
0.0006560937825427851 3.281104616526921e-05
0.00021003317279700128 3.27353334771289e-05
0.0006545782471885547 3.265979568053433e-05
0.00020954800939125095 3.258443237149553e-05
0.0006530662127040766 3.250924314695032e-05
0.00020906396670760158 3.243422760477274e-05
0.0006515576710020587 3.2359385343759295e-05
0.00020858104215719264 3.228471596364004e-05
0.0006500526140155869 3.221021906506501e-05
0.00020809923315727897 3.213589424961069e-05
0.0006485510336941496 3.2061741119766593e-05
0.00020761853713094475 3.1987759278951226e-05
0.0006470529220078824 3.1913948331488415e-05
0.00020713895150731965 3.1840307882623625e-05
0.0006455582709437875 3.1766837538508965e-05
0.0002066604737214476 3.16935369062114e-05
0.0006440670725079106 3.162040559370187e-05
0.00020618310121430227 3.1547443209857556e-05
0.0006425793187247996 3.147464936445798e-05
0.0002057068314327564 3.140202366819161e-05
0.0006410950016373873 3.132956573263195e-05
0.00020523166182954283 3.125727517026451e-05
0.0006396141133081868 3.118515159445944e-05
0.0002047575898633722 3.111319461948798e-05
0.0006381366458158682 3.104140386050484e-05
0.0002042846129987313 3.096977893355688e-05
0.0006366625912593602 3.08983194555801e-05
0.00020381272870603068 3.082702504439445e-05
0.000635191941754415 3.0755895318699454e-05
0.00020334193446149733 3.068492989807948e-05
0.0006337246894355399 3.061412840299266e-05
0.00020287222774716766 3.054349045478104e-05
0.0006322608264556444 3.047301567565623e-05
0.00020240360605093026 3.0402703688704144e-05
0.0006308003449860427 3.0332554117876607e-05
0.00020193606686643744 3.0262566588007356e-05
0.0006293432372158637 3.0192740724778716e-05
0.00020146960769322895 3.0123076154751107e-05
0.0006278894953498001 3.0053572505340622e-05
0.00020100422603648027 2.9984229404831394e-05
0.0006264391116149829 2.991504648235672e-05
0.00020053991940720864 2.9846023367915427e-05
0.0006249920782543011 2.9777159692350045e-05
0.00020007668532217248 2.9708455087371254e-05
0.000623548387527966 2.963990918552519e-05
0.0001996145213038842 2.9571521620217575e-05
0.0006221080317143588 2.9503292025694613e-05
0.0001991534248805126 2.943522003704996e-05
0.0006206710031112448 2.9367305290221212e-05
0.00019869339358602773 2.929954742198557e-05
0.0006192372940323791 2.9231946069955868e-05
0.00019823442496002828 2.9164500872590918e-05
0.0006178068968097134 2.9097211469173284e-05
0.00019777651654780915 2.903007749982984e-05
0.0006163798037932814 2.8963098605511906e-05
0.00019731966590039385 2.889627442800067e-05
0.0006149560073497394 2.8829604609905295e-05
0.00019686387057437266 2.8763088794666145e-05
0.0006135354998649684 2.8696726626537847e-05
0.0001964091281320341 2.8630517750603172e-05
0.0006121182737418686 2.856446181276139e-05
0.0001959554361412978 2.849855845973457e-05
0.0006107043214002646 2.8432807339051133e-05
0.00019550279217565899 2.8367208099067432e-05
0.0006092936352782056 2.8301760388939045e-05
0.0001950511938142701 2.823646385864087e-05
0.0006078862078308316 2.817131815894835e-05
0.00019460063864184464 2.81063229414567e-05
0.0006064820315308001 2.8041477858549674e-05
0.00019415112424868143 2.797678256342612e-05
0.0006050810988681841 2.791223671008038e-05
0.0001937026482306682 2.7847839953309766e-05
0.0006036834023505199 2.7783591948702053e-05
0.0001932552081892128 2.7719492352651016e-05
0.0006022889345023183 2.765554082233365e-05
0.00019280880173128676 2.7591737015727382e-05
0.0006008976878657231 2.752808059159179e-05
0.00019236342646935823 2.7464571209484223e-05
0.0005995096550003917 2.7401208529736546e-05
0.00019191908002145529 2.733799221347751e-05
0.0005981248284817674 2.727492192260742e-05
0.0001914757600110611 2.7211997319819236e-05
0.0005967432009045808 2.7149218068573656e-05
0.00019103346406719676 2.7086583833117737e-05
0.0005953647648786288 2.7024094278467514e-05
0.00019059218982431787 2.6961749070417464e-05
0.0005939895130322012 2.689954787553011e-05
0.0001901519349224008 2.68374903611456e-05
0.0005926174380091893 2.677557619535922e-05
0.00018971269700680766 2.671380504704934e-05
0.0005912485324716092 2.665217658584497e-05
0.0001892744737283898 2.6590690482148266e-05
0.0005898827890981433 2.6529346407115344e-05
0.00018883726274338385 2.6468144032667342e-05
0.000588520200584781 2.640708303147997e-05
0.0001884010617134586 2.6346163076988123e-05
0.0005871607596440831 2.6285383843375633e-05
0.00018796586830567574 2.6224745005586632e-05
0.0005858044590055209 2.6164246239308175e-05
0.00018753168019252405 2.610388722098364e-05
0.0005844512914144882 2.6043667627798915e-05
0.00018709849505183526 2.5983587137687314e-05
0.0005831012496343174 2.592364542932368e-05
0.00018666631056678967 2.5863842182131406e-05
0.0005817543264447366 2.5804177076268053e-05
0.00018623512442598485 2.5744649792632563e-05
0.0005804105146411745 2.5685260012858838e-05
0.00018580493432327624 2.56260074193231e-05
0.0005790698070375006 2.5566891695125353e-05
0.00018537573795787836 2.550791252410465e-05
0.0005777321964633111 2.5449069590826347e-05
0.00018494753303433922 2.539036258058977e-05
0.0005763976757643747 2.5331791179413642e-05
0.00018452031726249728 2.5273355074048763e-05
0.0005750662378029863 2.5215053951965395e-05
0.00018409408835752254 2.515688750136092e-05
0.000573737875457581 2.5098855411142733e-05
0.00018366884403974652 2.5040957370950163e-05
0.0005724125816253309 2.4983193071126274e-05
0.0001832445820348647 2.492556220274121e-05
0.0005710903492177128 2.4868064457568077e-05
0.00018282130007381712 2.4810699528103033e-05
0.00056977117116248 2.4753467107542063e-05
0.00018239899589276307 2.4696366889796866e-05
0.0005684550404046883 2.4639398569482725e-05
0.00018197766723313224 2.458256184192327e-05
0.0005671419499046411 2.4525856403140457e-05
0.00018155731184149926 2.4469281949866746e-05
0.0005658318926398713 2.4412838179525796e-05
0.00018113792746970287 2.4356524790250537e-05
0.0005645248616039996 2.430034148085973e-05
0.00018071951187471655 2.4244287950877295e-05
0.0005632208498073497 2.4188363900515308e-05
0.00018030206281876803 2.4132569030683235e-05
0.0005619198502749361 2.407690304297673e-05
0.00017988557806921542 2.4021365639683786e-05
0.0005606218560484306 2.3965956523778568e-05
0.00017947005539858702 2.3910675398925152e-05
0.0005593268601864244 2.3855521969463834e-05
0.00017905549258453066 2.3800495940425163e-05
0.0005580348557622176 2.374559701751967e-05
0.00017864188740988117 2.3690824907137215e-05
0.0005567458358657907 2.3636179316343036e-05
0.00017822923766252054 2.358165995288511e-05
0.0005554597936034592 2.3527266525180676e-05
0.0001778175411354934 2.347299874232378e-05
0.0005541767220974557 2.341885631407716e-05
0.0001774067956269301 2.33648389508813e-05
0.0005528966144850297 2.33109463638344e-05
0.00017699699894004712 2.3257178264714064e-05
0.0005516194639196905 2.3203534365952513e-05
0.00017658814888310258 2.3150014380656683e-05
0.0005503452635720308 2.3096618022587232e-05
0.0001761802432694911 2.3043345006171096e-05
0.0005490740066261599 2.2990195046492634e-05
0.0001757732799176061 2.29371678592979e-05
0.000547805686282953 2.2884263160985014e-05
0.00017536725665093177 2.283148066860949e-05
0.000546540295758236 2.2778820099879812e-05
0.00017496217129786727 2.2726281173158923e-05
0.0005452778282863108 2.2673863607455996e-05
0.00017455802169192032 2.2621567122432795e-05
0.0005440182771147017 2.2569391438396183e-05
0.00017415480567159396 2.2517336276303212e-05
0.0005427616355064868 2.246540135774838e-05
0.0001737525210803728 2.2413586404977863e-05
0.0005415078967406996 2.2361891140871133e-05
0.0001733511657667099 2.2310315288957026e-05
0.0005402570541127124 2.225885857339012e-05
0.00017295073758406365 2.2207520718979094e-05
0.0005390091009315743 2.2156301451151282e-05
0.00017255123439082682 2.210520049598121e-05
0.0005377640305232297 2.2054217580168037e-05
0.00017215265405033067 2.2003352431047076e-05
0.000536521836229128 2.1952604776579377e-05
0.00017175499443087153 2.1901974345360486e-05
0.0005352825114049395 2.1851460866603836e-05
0.000171358253405625 2.1801064070159097e-05
0.0005340460494230953 2.1750783686490295e-05
0.00017096242885272818 2.1700619446691223e-05
0.0005328124436704878 2.1650571082470102e-05
0.0001705675186551873 2.1600638326164096e-05
0.0005315816875492269 2.1550820910718127e-05
0.0001701735207009253 2.150111856970256e-05
0.0005303537744767485 2.1451531037295993e-05
0.00016978043288270745 2.1402058048298877e-05
0.0005291286978859773 2.135269933811805e-05
0.00016938825309819786 2.1303454642775144e-05
0.0005279064512252096 2.125432369889646e-05
0.00016899697924990995 2.1205306243725977e-05
0.0005266870279570643 2.115640201510403e-05
0.00016860660924518625 2.1107610751484705e-05
0.0005254704215600091 2.1058932191920197e-05
0.0001682171409962251 2.101036607607079e-05
0.0005242566255269723 2.096191214419438e-05
0.00016782857242003926 2.0913570137152104e-05
0.0005230456333666654 2.0865339796398627e-05
0.00016744090143843693 2.0817220863991576e-05
0.0005218374386023524 2.0769213082579448e-05
0.00016705412597807482 2.072131619541145e-05
0.000520632034771631 2.067352994632207e-05
0.00016666824397033693 2.0625854079742886e-05
0.0005194294154282695 2.05782883406941e-05
0.00016628325335145053 2.0530832474787267e-05
0.0005182295741394883 2.048348622821586e-05
0.0001658991520623439 2.0436249347766825e-05
0.0005170325044889262 2.0389121580805073e-05
0.000165515938048747 2.0342102675287617e-05
0.0005158382000743797 2.0295192379742017e-05
0.00016513360926110414 2.0248390443289018e-05
0.0005146466545082587 2.020169661561889e-05
0.00016475216365464233 2.0155110647007997e-05
0.0005134578614173212 2.0108632288302497e-05
0.00016437159918925566 2.006226129093095e-05
0.000512271814444227 2.0015997406888984e-05
0.00016399191382957518 1.996984038875198e-05
0.0005110885072454149 1.992378998966072e-05
0.00016361310554494071 1.9877845963333293e-05
0.0005099079334925032 1.983200806404823e-05
0.00016323517230937832 1.9786276046658944e-05
0.0005087300868710622 1.9740649666580895e-05
0.00016285811210160414 1.9695128679797046e-05
0.0005075549610816989 1.9649712842850036e-05
0.0001624819229049578 1.9604401912850725e-05
0.0005063825498400031 1.9559195647466164e-05
0.00016210660270752562 1.9514093804927032e-05
0.0005052128468745864 1.9469096144015674e-05
0.00016173214950193927 1.942420242408264e-05
0.0005040458459299807 1.9379412405024473e-05
0.00016135856128555605 1.9334725847297606e-05
0.0005028815407647439 1.9290142511907436e-05
0.00016098583606027322 1.9245662160417714e-05
0.0005017199251523809 1.920128455493639e-05
0.0001606139718326748 1.9157009458127674e-05
0.0005005609928798119 1.911283663319575e-05
0.00016024296661394262 1.9068765843901037e-05
0.0004994047377479034 1.9024796854540658e-05
0.00015987281841981933 1.8980929429965165e-05
0.0004982511535735884 1.893716333555981e-05
0.00015950352527062804 1.889349833725722e-05
0.0004971002341872472 1.8849934201528573e-05
0.00015913508519129442 1.880647069538722e-05
0.0004959519734335272 1.876310758637937e-05
0.00015876749621130445 1.8719844642594027e-05
0.0004948063651706142 1.8676681632650777e-05
0.00015840075636466597 1.8633618325709562e-05
0.0004936634032722625 1.859065449145617e-05
0.00015803486368997494 1.854778990011593e-05
0.0004925230816246113 1.8505024322438083e-05
0.00015766981623033333 1.8462357529708544e-05
0.0004913853941291113 1.841978929373353e-05
0.0001573056120333346 1.8377319386855207e-05
0.0004902503347016531 1.833494758193285e-05
0.00015694224915112278 1.8292673652357947e-05
0.0004891178972714898 1.8250497372039404e-05
0.0001565797256403427 1.820841851541389e-05
0.00048798807578169805 1.816643685743224e-05
0.00015621803956209572 1.8124552173573546e-05
0.0004868608641897644 1.8082764239826836e-05
0.00015585718898198744 1.8041072832708013e-05
0.00048573625646712083 1.7999477729239473e-05
0.00015549717197009416 1.795797870696746e-05
0.00048461424659881295 1.7916575543944642e-05
0.00015513798660093573 1.787526801874198e-05
0.0004834948285842991 1.7834055910437127e-05
0.0001547796309534991 1.7792938998624192e-05
0.0004823779964359701 1.775191706339963e-05
0.00015442210311116848 1.7710989885373518e-05
0.0004812637441817639 1.767015724565734e-05
0.0001540654011617924 1.7629418925874137e-05
0.00048015206586160227 1.75887747081473e-05
0.00015370952319764772 1.75482243751037e-05
0.0004790429555298609 1.7507767709873338e-05
0.0001533544673153713 1.7467404496088768e-05
0.0004779364072549286 1.742713451787849e-05
0.00015300023161602316 1.738695755987427e-05
0.00047683241511912885 1.7346873407199825e-05
0.0001526468142050656 1.730688184548217e-05
0.00047573097321731034 1.7266982660834604e-05
0.00015229421319229894 1.7227175639874484e-05
0.00047463207565899036 1.718746056970295e-05
0.0001519424266919389 1.7147837237921607e-05
0.00047353571656654105 1.7108305432613608e-05
0.00015159145282250756 1.7068864942359994e-05
0.00047244189007689455 1.7029515556222512e-05
0.00015124128970689252 1.6990257063758645e-05
0.00047135059033990174 1.6951089255003417e-05
0.00015089193547235312 1.6912011920484636e-05
0.00047026181151847593 1.687302485120515e-05
0.0001505433882504103 1.6834127838660093e-05
0.0004691755477896718 1.6795320674819605e-05
0.00015019564617695748 1.675660315213815e-05
0.0004680917933438114 1.6717975063545902e-05
0.0001498487073921634 1.667943620245649e-05
0.0004670105423851045 1.6640986362752025e-05
0.00014950257004049073 1.660262533880405e-05
0.00046593178913010056 1.6564352925443935e-05
0.00014915723227068524 1.6526168917991425e-05
0.00046485552781005035 1.6488073112226687e-05
0.00014881269223580398 1.6450065304410256e-05
0.0004637817526682544 1.6412145291269153e-05
0.00014846894809317029 1.6374312870001377e-05
0.0004627104579613624 1.6336567838271488e-05
0.00014812599800428485 1.62989099942156e-05
0.0004616416379612262 1.6261339136429845e-05
0.00014778384013498398 1.6223855063983557e-05
0.00046057528695040296 1.6186457576401622e-05
0.00014744247265532527 1.6149146473680086e-05
0.00045951139922570237 1.6111921556269052e-05
0.00014710189373955265 1.607478262508788e-05
0.00045844996909743353 1.6037729481507368e-05
0.0001467621015661468 1.6000761927366386e-05
0.0004573909908892929 1.5963879764950942e-05
0.00014642309431781573 1.5927082797013733e-05
0.0004563344589366483 1.5890370826755843e-05
0.0001460848701814557 1.5853743657839026e-05
0.0004552803675895344 1.5817201094370872e-05
0.00014574742734811927 1.5780742940919964e-05
0.0004542287112103183 1.5744369002499364e-05
0.00014541076401309393 1.5708079084578763e-05
0.00045317948417415764 1.567187299307044e-05
0.00014507487837580433 1.5635750534341658e-05
0.0004521326808694088 1.5599711515200224e-05
0.0001447397686398465 1.5563755742908046e-05
0.00045108829569713777 1.5527883025164052e-05
0.0001444054330129271 1.549209317011867e-05
0.000450046323072587 1.5456385986359393e-05
0.0001440718697069407 1.5420761282921137e-05
0.0004490067574225778 1.53852188692745e-05
0.000143739076937894 1.534975855533703e-05
0.0004479695931872702 1.5314380151457e-05
0.00014340705292590828 1.5279083468429248e-05
0.0004469348248196073 1.5243868317478444e-05
0.0001430757958952476 1.5208734510271352e-05
0.00044590244678478514 1.5173681858904265e-05
0.0001427453040742457 1.5138710175913527e-05
0.0004448724535617037 1.510381927426125e-05
0.00014241557569531917 1.5069008967349457e-05
0.00044384483964215657 1.5034279069003544e-05
0.00014208660899499124 1.4999629393486446e-05
0.00044281959952980796 1.4965059755482719e-05
0.00014175840221387155 1.4930569970112248e-05
0.0004417967277408854 1.489615985291496e-05
0.00014143095359660623 1.486182921986448e-05
0.00044077621880545155 1.48275778873517e-05
0.00014110426139189245 1.4793405672197896e-05
0.00043975806726560254 1.4759312391642059e-05
0.00014077832385250353 1.4725297863351226e-05
0.0004387422676754534 1.4691361905407754e-05
0.00014045313923522967 1.4657504336321373e-05
0.00043772881460248586 1.4623724975011388e-05
0.0001401287058008618 1.4590023640825016e-05
0.0004367177026269532 1.4556400153519479e-05
0.00013980502181429018 1.4522854333274892e-05
0.0004357089263399338 1.4489386000679018e-05
0.00013948208554432972 1.445599497674214e-05
0.00043470248034691234 1.4422681082880957e-05
0.0001391598952638058 1.4389444140930877e-05
0.00043369835926575223 1.4356283973132851e-05
0.00013883844924956858 1.4323200402144552e-05
0.0004326965577254969 1.4290193251026513e-05
0.0001385177457824469 1.4257262343256007e-05
0.0004316970703677434 1.4224407502709273e-05
0.00013819778314722188 1.4191628553678425e-05
0.0004306998918473495 1.4158925320852654e-05
0.00013787855963262957 1.4126297629334312e-05
0.0004297050168312491 1.4093745304622226e-05
0.000137560073531378 1.4061268172625175e-05
0.0004287124399986755 1.4028866059646958e-05
0.00013724232314010578 1.399653879240107e-05
0.0004277221560409858 1.3964286197992297e-05
0.0001369253067594048 1.3932108103931895e-05
0.0004267341596612624 1.3900004338125032e-05
0.00013660902269377684 1.3867974728879888e-05
0.00042574844557609023 1.3836019104891838e-05
0.00013629346925162823 1.3804137295263417e-05
0.0004247650085135286 1.3772329129481532e-05
0.00013597864474530375 1.3740594437435328e-05
0.00042378384321363596 1.3708933049400497e-05
0.00013566454749101665 1.3677344796049632e-05
0.00042280494442932005 1.3645829508442108e-05
0.00013535117580890343 1.361438701803244e-05
0.00042182830692443147 1.3583017156659137e-05
0.00013503852802295346 1.3551719756554839e-05
0.00042085392547617075 1.3520494650332926e-05
0.00013472660246104047 1.3489341671001464e-05
0.00041988179487294257 1.3458260651945637e-05
0.00013441539745488528 1.3427251426944157e-05
0.0004189119099156218 1.3396313830152138e-05
0.00013410491134009214 1.3365447696113995e-05
0.0004179442654170354 1.333465285975035e-05
0.00013379514245608157 1.3303929156369486e-05
0.00041697885620198787 1.3273276421653314e-05
0.00013348608914611154 1.3242694491669906e-05
0.00041601567710718217 1.3212183202860678e-05
0.00013317774975730263 1.3181742392050388e-05
0.00041505472298103256 1.315137189643323e-05
0.00013287012264053612 1.3121071553587566e-05
0.00041409598868437326 1.3090841201460148e-05
0.0001325632061505504 1.306068067837797e-05
0.0004131394690895712 1.3030589823035006e-05
0.00013225699864585343 1.3000568474505233e-05
0.00041218515908100317 1.2970616472226216e-05
0.0001319514984887839 1.2940733656015574e-05
0.00041123305355414115 1.2910919866052502e-05
0.00013164670404541097 1.2881174942890758e-05
0.0004102831474178842 1.2851498727448778e-05
0.00013134261368562974 1.2821891061017123e-05
0.00040933543559092253 1.2792351785246223e-05
0.00013103922578309028 1.2762880742161284e-05
0.00040838991300445204 1.273347777414187e-05
0.00013073653871515005 1.2704142723941966e-05
0.00040744657460227386 1.2674875434670542e-05
0.00013043455086297112 1.2645675749804522e-05
0.0004065054153388861 1.261654351317779e-05
0.00013013326061142347 1.258747856899096e-05
0.0004055664301808834 1.2558480761797867e-05
0.0001298326663491486 1.2529549936517865e-05
0.0004046296141058816 1.2500685938420578e-05
0.00012953276646845527 1.2471888613142596e-05
0.0004036949621037228 1.244315780666841e-05
0.00012923355936539163 1.2414493365344487e-05
0.0004027624691758621 1.2385895135867789e-05
0.00012893504343973087 1.2357362965294492e-05
0.00040183213033467233 1.2328896701027122e-05
0.00012863721709489203 1.2300496190828226e-05
0.0004009039406049959 1.2272161282805498e-05
0.00012834007873804336 1.2243891825423163e-05
0.00039997789502219105 1.2215687667489091e-05
0.00012804362678000013 1.2187548658168133e-05
0.0003990539886333307 1.2159474646965671e-05
0.00012774785963524167 1.2131465483742288e-05
0.0003981322164975171 1.2103521018697288e-05
0.00012745277572192947 1.2075641102384224e-05
0.00039721257368455394 1.2047825585694382e-05
0.00012715837346186413 1.20200743198713e-05
0.00039629505527599034 1.1992387156492895e-05
0.00012686465128050237 1.1964763947489998e-05
0.0003953796563645704 1.193720454512552e-05
0.0001265716076069223 1.1909708802012578e-05
0.0003944663720547337 1.1882276571098196e-05
0.00012627924087384274 1.1854907705673379e-05
0.0003935551974621656 1.1827602059363868e-05
0.00012598754951761933 1.1800359486138457e-05
0.0003926461277129103 1.1773179840298851e-05
0.000125696531978205 1.1746062976487017e-05
0.00039173915794533064 1.1719008749674978e-05
0.0001254061866991168 1.1692017015179119e-05
0.0003908342833091534 1.1665087628639641e-05
0.0001251165121275396 1.1638220446039076e-05
0.0003899314989643736 1.1611415323684537e-05
0.00012482750671420073 1.1584672118223813e-05
0.000389030800082763 1.1557990686626021e-05
0.00012453916891341633 1.1531370886201144e-05
0.0003881321818468999 1.1504812574579025e-05
0.00012425149718307216 1.1478315609726598e-05
0.0003872356394509632 1.1451879849931266e-05
0.00012396448998461536 1.1425505153816223e-05
0.00038634116810004485 1.139919138032128e-05
0.00012367814578305206 1.1372938388722327e-05
0.00038544876300983043 1.1346746038612019e-05
0.00012339246304694253 1.1320614189914338e-05
0.0003845584194077678 1.129454270286904e-05
0.00012310744024834693 1.1268531438046337e-05
0.00038367013253220414 1.1242580256333276e-05
0.00012282307586289424 1.1216689018942024e-05
0.00038278389763235374 1.1190857587400077e-05
0.00012253936836972027 1.1165085823562465e-05
0.00038189970996813474 1.113937358959529e-05
0.0001222563162514838 1.1113720747990289e-05
0.0003810175648106513 1.1088127161549526e-05
0.00012197391799431265 1.1062592693399314e-05
0.0003801374574425573 1.1037117206975212e-05
0.00012169217208789373 1.1011700566035042e-05
0.00037925938315578727 1.0986342634645297e-05
0.00012141107702536953 1.0961043277191595e-05
0.00037838333725432254 1.093580235836699e-05
0.00012113063130333639 1.0910619743184513e-05
0.0003775093150533907 1.0885495296960782e-05
0.00012085083342190096 1.0860428885331717e-05
0.00037663731187830094 1.0835420374235588e-05
0.00012057168188461966 1.0810469629928273e-05
0.0003757673230651826 1.0785576518967534e-05
0.00012029317519853276 1.0760740908224669e-05
0.00037489934396065444 1.0735962664874271e-05
0.00012001531187408821 1.071124165640234e-05
0.00037403336992309694 1.0686577750595569e-05
0.0001197380904251871 1.0661970815552428e-05
0.0003731693963211094 1.0637420719668415e-05
0.0001194615093691614 1.06129273316509e-05
0.0003723074185338364 1.0588490520503936e-05
0.00011918556722680066 1.056411015554081e-05
0.0003714474319509432 1.0539786106368548e-05
0.00011891026252226972 1.0515518242903642e-05
0.00037058943197319696 1.0491306435356053e-05
0.00011863559378316221 1.0467150554240822e-05
0.0003697334140116175 1.0443050470368361e-05
0.00011836155954048315 1.0419006054851707e-05
0.0003688793734878021 1.0395017179096326e-05
0.00011808815832861159 1.0371083714810023e-05
0.0003680273058343053 1.0347205533991285e-05
0.00011781538868530166 1.0323382508940562e-05
0.0003671772064944699 1.029961451224671e-05
0.0001175432491517182 1.0275901416800033e-05
0.0003663290709209705 1.0252243095776752e-05
0.00011727173827239795 1.022863942265457e-05
0.000365482894577554 1.0205090271194689e-05
0.00011700085459519761 1.0181595515457803e-05
0.0003646386729394788 1.015815502978726e-05
0.00011673059667135603 1.0134768688827002e-05
0.0003637964014912739 1.011143636749867e-05
0.0001164609630554399 1.0088157941024106e-05
0.0003629560757284547 1.006493328490484e-05
0.00011619195230542352 1.0041762274936124e-05
0.0003621176911556997 1.0018644787194137e-05
0.0001159235629825171 9.995580698048258e-06
0.000361281243290169 9.97256988414596e-06
0.00011565579365129379 9.949612222426806e-06
0.00036044672765811036 9.926707590108027e-06
0.0001153886428796637 9.903855864697115e-06
0.00035961413979610364 9.881056923977975e-06
0.00011512210923882556 9.85831064602348e-06
0.0003587834752513462 9.835616909179905e-06
0.00011485619130327641 9.81297559208386e-06
0.00035795472958083754 9.790386573644199e-06
0.00011459088765080916 9.767849733056301e-06
0.000357127898352648 9.745364949787371e-06
0.00011432619686250726 9.722932103591881e-06
0.0003563029771446622 9.70055107449201e-06
0.00011406211752272206 9.678221742796064e-06
0.0003554799615445417 9.655943989082156e-06
0.00011379864821908564 9.63371769420999e-06
0.0003546588471510658 9.611542739308272e-06
0.00011353578754249487 9.589419005787433e-06
0.00035383962957199507 9.56734637532441e-06
0.00011327353408708377 9.545324729875606e-06
0.0003530223044265808 9.523353951665363e-06
0.00011301188645023869 9.50143392319535e-06
0.0003522068673435513 9.479564527231705e-06
0.00011275084323261125 9.457745646819287e-06
0.00035139331396126755 9.435977165265047e-06
0.00011249040303806043 9.414258966153973e-06
0.00035058163992869086 9.392590933330498e-06
0.00011223056447367372 9.370972950916794e-06
0.0003497718409046874 9.349404903295252e-06
0.00011197132614976812 9.327886675121245e-06
0.0003489639125585846 9.306418151310065e-06
0.0001117126866798498 9.284999217050606e-06
0.00034815785056890934 9.2636297577895e-06
0.00011145464468065591 9.242309659244126e-06
0.000347353650624837 9.221038807389555e-06
0.00011119719877208367 9.199817088472018e-06
0.00034655130842536517 9.178644388992752e-06
0.00011094034757724115 9.15752059572108e-06
0.00034575081967948436 9.136445595683797e-06
0.0001106840897224157 9.115419276172271e-06
0.0003449521801058613 9.094441524733387e-06
0.00011042842383709143 9.073512229180519e-06
0.000344155385432428 9.05263127757866e-06
0.00011017334855386264 9.031798558259107e-06
0.0003433604313986429 9.011013959802172e-06
0.00010991886250851528 8.990277371055683e-06
0.0003425673137525215 8.969588681114306e-06
0.00010966496433999447 8.948947779337697e-06
0.0003417760282521398 8.92835455533347e-06
0.00010941165269037789 8.907808898971344e-06
0.00034098657066552936 8.887310700368152e-06
0.00010915892620488435 8.86685984990194e-06
0.00034019893677047136 8.846456238196605e-06
0.00010890678353186049 8.826099756136087e-06
0.00033941312235429694 8.805790294848786e-06
0.00010865522332275257 8.785527745722296e-06
0.00033862912321470364 8.765312000388092e-06
0.00010840424423216912 8.745142950733865e-06
0.000337846935158154 8.72502048889184e-06
0.00010815384491780314 8.704944507248824e-06
0.0003370665540014037 8.684914898434138e-06
0.00010790402404042635 8.664931555331589e-06
0.0003362879755709143 8.644994371065373e-06
0.00010765478026393484 8.625103239014925e-06
0.00033551119570275726 8.605258052795773e-06
0.00010740611225528952 8.58545870628008e-06
0.0003347362102421004 8.565705093576421e-06
0.00010715801868456277 8.545997109043768e-06
0.0003339630150442819 8.526334647280111e-06
0.00010691049822487615 8.50671760313301e-06
0.00033319160597386895 8.487145871685748e-06
0.00010666354955240253 8.467619348270953e-06
0.000332421978905342 8.448137928456628e-06
0.00010641717134640043 8.428701508058694e-06
0.00033165412972243225 8.409309983126875e-06
0.00010617136228916384 8.389963249957381e-06
0.00033088805431847555 8.37066120507957e-06
0.00010592612106604041 8.351403745268806e-06
0.00033012374859614426 8.332190767532263e-06
0.00010568144636539692 8.313022169120269e-06
0.00032936120846814744 8.293897847515804e-06
0.00010543733687864568 8.274817700444335e-06
0.00032860042985589927 8.25578162586107e-06
0.00010519379130023232 8.236789521962983e-06
0.0003278414086903519 8.217841287176814e-06
0.00010495080832759876 8.198936820170084e-06
0.0003270841409121852 8.180076019836472e-06
0.0001047083866611897 8.161258785311848e-06
0.00032632862247140544 8.142485015957492e-06
0.00010446652500447751 8.123754611373119e-06
0.00032557484932714634 8.105067471385654e-06
0.00010422522206390569 8.086423496057392e-06
0.00032482281744825357 8.067822585677758e-06
0.00010398447654893169 8.0492646407704e-06
0.00032407252281228013 8.030749562083642e-06
0.00010374428717195295 8.012277250602207e-06
0.0003233239614070144 7.993847607531256e-06
0.00010350465264838541 7.975460534312607e-06
0.000322577129228362 7.95711593260723e-06
0.00010326557169659306 7.938813704311622e-06
0.00032183202228214963 7.920553751540804e-06
0.00010302704303791508 7.90233597664382e-06
0.00032108863658301414 7.884160282188161e-06
0.00010278906539661366 7.86602657097295e-06
0.0003203469681558397 7.84793474601386e-06
0.00010255163749990264 7.829884710560499e-06
0.00031960701303398764 7.811876368075746e-06
0.00010231475807796954 7.793909622255006e-06
0.0003188687672593514 7.775984377006787e-06
0.00010207842586391298 7.758100536471303e-06
0.0003181322268836986 7.740258005000708e-06
0.00010184263959375395 7.722456687176594e-06
0.00031739738796795444 7.704696487793728e-06
0.0001016073980064386 7.686977311872986e-06
0.00031666424658233975 7.669299064648552e-06
0.00010137269984383259 7.651661651579695e-06
0.00031593279880506587 7.634064978338213e-06
0.00010113854385070348 7.616508950820296e-06
0.0003152030407244914 7.598993475131248e-06
0.00010090492877469997 7.581518457603045e-06
0.0003144749684380597 7.564083804774149e-06
0.00010067185336639351 7.546689423406763e-06
0.0003137485780513701 7.5293352204730615e-06
0.0001004393163792447 7.512021103165337e-06
0.00031302386567926547 7.494746978884123e-06
0.00010020731656954988 7.477512755249228e-06
0.0003123008274461557 7.4603183400905576e-06
9.9975852696532e-05 7.443163641453446e-06