00000000000000000000000000000000
00000011111100000000111111000000
00000100000010000001000000100000
00001000000001000010000000010000
00001000000001000010000000010000
00001000000001000010000000010000
00001000000001000010000000010000
00000100000010000001000000100000
00000011111110000001111111000000
00000000000010000001000000000000
00000000000010000011000000000000
00000000000010000101000000000000
00000000000010000111000000000000
00000000000010001001000000000000
00000000000010001011000000000000
00000000000010001101000000000000
00000000000010001111000000000000
00000000000010010001000000000000
00000000000010010011000000000000
00000000000010010101000000000000
00000000000010010111000000000000
00000000000010011001000000000000
00000000000010011011000000000000
00000000000011111111000000000000
00000000000110000001100000000000
00000000000100000000100000000000
00000000000010000001000000000000
00000000000001111110000000000000
10000000000000000000000000000001
01000000000000000000000000000010
00100000000000000000000000000100
00010000000000000000000000001000